207,117,236,220
205,115,234,218
204,114,233,217
203,113,232,216
202,112,231,215
201,111,230,214
200,110,229,213
201,109,230,212
203,109,232,212
204,108,233,211
206,108,235,211
208,108,237,211
209,107,238,210
211,107,240,210
213,107,242,210
212,107,241,210
211,107,240,210
210,107,239,210
210,106,239,209
210,105,239,208
210,104,239,207
210,103,239,206
210,103,239,206
210,102,239,205
210,101,239,204
210,100,239,203
211,100,240,203
211,99,240,202
212,99,241,202
212,98,241,201
213,98,242,201
214,97,243,200
214,97,243,200
215,96,244,199
215,96,244,199
216,95,245,198
217,95,246,198
217,94,246,197
218,94,247,197
219,94,248,197
218,96,247,199
218,98,247,201
218,100,247,203
218,102,247,205
218,104,247,207
218,105,247,208
218,107,247,210
218,109,247,212
215,108,244,211
213,107,242,210
211,107,240,210
207,105,236,208
204,104,233,207
201,102,230,205
198,101,227,204
195,100,224,203
195,101,224,204
195,103,224,206
196,104,225,207
196,106,225,209
196,107,225,210
197,109,226,212
197,108,226,211
197,107,226,210
197,107,226,209
197,106,226,208
197,106,226,208
199,105,228,206
202,104,231,205
204,103,233,203
207,102,236,202
210,101,239,200
212,100,241,199
215,99,244,197
218,99,247,196
212,98,241,195
207,98,236,195
201,97,230,194
196,97,225,194
196,93,225,190
197,89,226,187
197,86,226,184
198,82,227,180
198,78,227,177
199,75,228,174
200,75,229,173
201,75,230,172
203,75,232,172
202,79,231,176
202,84,231,180
201,88,230,184
201,93,230,188
202,96,231,190
203,99,232,193
204,102,233,196
205,105,234,199
207,109,236,202
206,113,235,206
205,117,234,210
204,121,233,214
203,125,232,218
202,125,231,218
202,125,231,218
202,126,231,219
202,126,231,219
201,126,230,219
201,127,230,220
201,127,230,220
201,128,230,221
201,126,230,219
201,125,230,218
201,124,230,217
202,123,231,216
202,122,231,215
202,121,231,214
202,119,231,212
203,118,232,211
203,117,232,210
203,116,232,209
203,115,232,208
204,114,233,207
205,115,234,208
207,116,236,209
208,117,237,210
210,118,239,211
211,119,240,212
213,120,242,213
215,121,244,214
216,122,245,215
218,123,247,216
219,124,248,217
221,125,250,218
223,126,252,219
223,125,252,218
224,125,253,218
225,125,254,218
226,125,255,218
227,125,256,218
228,125,257,218
229,125,258,218
230,125,259,218
229,123,258,216
229,122,258,215
229,121,258,214
229,120,258,213
229,119,258,212
229,118,258,211
229,117,258,210
229,116,258,209
229,115,258,208
229,114,258,207
229,113,258,206
229,112,258,205
229,111,258,204
229,110,258,203
229,109,258,202
229,109,258,202
229,109,258,202
229,108,258,201
229,108,258,201
229,108,258,201
229,107,258,200
229,107,258,200
230,107,259,200
230,107,259,200
230,106,259,199
230,106,259,199
230,106,259,199
230,105,259,198
230,105,259,198
230,105,259,198
231,105,260,198
229,104,258,197
228,104,257,197
226,104,255,197
225,104,254,197
223,103,252,196
222,103,251,196
221,103,250,196
219,103,248,196
218,102,247,195
216,102,245,195
215,102,244,195
214,102,243,195
213,102,242,195
213,102,242,195
213,102,242,195
213,102,242,195
212,103,241,196
212,103,241,196
212,103,241,196
212,103,241,196
212,103,241,196
211,104,240,197
211,104,240,197
211,104,240,197
211,104,240,197
211,104,240,197
210,105,239,198
210,105,239,198
210,105,239,198
210,105,239,198
210,106,239,199
209,106,238,198
208,106,237,198
207,107,236,198
207,107,236,198
206,107,235,197
205,108,234,197
204,108,233,197
204,109,233,197
203,112,232,202
202,115,231,207
202,119,231,212
202,122,231,215
202,125,231,218
202,128,231,221
202,132,231,225
202,132,231,225
202,132,231,225
202,132,231,225
203,132,232,225
203,132,232,225
203,132,232,225
204,133,233,226
203,133,232,226
202,133,231,226
201,133,230,226
200,133,229,226
200,133,229,226
199,133,228,226
198,133,227,226
197,133,226,226
197,133,226,226
196,133,225,226
195,133,224,226
194,133,223,226
194,133,223,226
193,133,222,226
192,133,221,226
191,133,220,226
191,134,220,227
192,133,221,226
194,133,223,226
195,132,224,225
197,132,226,225
198,131,227,224
200,131,229,224
202,131,231,224
203,130,232,223
205,130,234,223
206,129,235,222
208,129,237,222
210,129,239,222
210,127,239,219
210,126,239,217
210,125,239,214
210,124,239,212
210,123,239,209
210,122,239,207
209,122,238,208
208,122,237,209
207,122,236,210
207,122,236,211
206,122,235,212
205,122,234,213
204,122,233,214
204,122,233,215
202,122,231,214
201,122,230,213
200,122,229,213
199,122,228,212
198,122,227,211
197,122,226,211
196,122,225,210
195,123,224,210
193,122,222,209
191,121,220,209
189,120,218,209
187,119,216,208
186,118,215,208
184,117,213,208
182,116,211,207
180,115,209,207
179,114,208,207
178,112,207,205
177,111,206,204
176,110,205,203
175,108,204,201
174,107,203,200
173,106,202,199
172,105,201,198
171,103,200,196
170,102,199,195
169,101,198,194
168,99,197,192
167,98,196,191
166,97,195,190
165,96,194,189
163,95,192,187
162,95,191,186
159,93,188,178
157,92,185,170
155,91,183,162
153,91,181,162
152,91,180,162
151,92,179,163
150,92,178,163
149,92,177,163
147,93,175,164
146,93,174,164
145,93,173,164
144,94,172,165
143,94,171,165
142,95,170,166
141,94,169,166
140,94,168,167
139,94,167,168
139,93,167,169
138,93,166,170
137,93,165,170
136,93,164,171
136,92,164,172
135,92,163,173
134,92,162,174
134,92,162,175
134,93,162,176
135,94,163,177
136,96,164,179
137,97,165,180
138,99,166,182
138,100,167,183
139,102,168,185
140,103,169,186
141,105,170,188
142,106,171,189
143,108,172,191
148,108,177,191
153,108,183,191
159,108,188,191
164,108,194,191
170,108,200,191
168,108,199,191
166,108,198,191
165,108,197,191
163,108,196,191
162,109,195,192
159,107,192,192
156,106,189,193
153,105,186,193
151,104,184,194
148,103,181,194
145,102,178,195
142,101,175,195
140,100,173,196
141,100,174,196
142,101,175,197
143,102,176,198
142,100,175,196
141,98,174,194
140,96,173,192
140,95,173,191
139,93,172,189
138,91,171,187
138,90,171,186
141,90,174,186
145,90,178,186
149,90,182,186
151,93,184,189
153,97,186,193
156,101,189,197
158,105,191,201
161,109,194,205
161,111,194,207
161,113,194,209
161,115,194,211
162,117,195,213
160,118,193,214
159,119,192,215
157,120,190,216
156,121,189,217
154,122,187,218
153,123,186,219
152,124,185,220
151,121,184,217
150,119,183,215
149,117,182,213
151,112,184,207
153,107,186,202
156,102,189,197
158,98,191,191
161,93,194,186
163,88,196,181
166,84,199,176
165,85,198,177
164,87,197,178
164,88,197,179
163,90,196,180
162,91,195,181
162,93,195,183
158,97,191,187
155,102,188,192
151,106,184,196
148,111,181,201
146,112,179,202
144,113,177,203
143,114,176,204
141,116,174,206
140,117,173,207
138,118,171,208
137,120,170,210
139,118,172,208
141,116,174,206
144,114,177,204
146,112,179,202
148,110,181,200
151,109,184,199
151,107,184,197
152,105,185,195
153,103,186,193
153,102,186,192
154,100,187,190
155,98,188,188
155,97,188,187
156,95,189,185
157,93,190,183
158,92,191,182
156,91,189,182
154,91,187,182
153,90,186,182
151,90,184,182
149,90,182,182
148,89,181,182
146,89,179,183
145,88,178,183
143,88,176,183
141,88,174,183
140,87,173,183
138,87,171,183
137,87,170,184
139,86,172,182
141,85,174,180
143,84,176,178
145,83,178,177
147,83,180,175
149,82,182,173
151,81,184,172
153,80,186,170
155,79,188,168
157,79,190,167
157,82,190,170
158,85,191,173
159,89,192,177
160,92,193,180
161,96,194,184
162,99,195,187
163,103,196,191
162,103,195,191
162,104,195,192
161,105,194,193
161,106,194,194
161,107,194,195
159,109,192,197
157,111,190,199
155,113,188,201
153,115,186,203
151,117,184,205
150,120,183,208
150,120,183,208
150,120,183,208
150,120,183,208
150,120,183,208
150,120,183,208
150,120,183,208
150,120,183,208
151,120,184,208
150,119,183,207
149,118,182,206
149,118,182,205
149,116,182,203
150,114,183,201
150,113,183,199
151,111,184,197
152,110,185,195
152,108,185,193
153,106,186,191
153,105,186,189
154,103,187,187
155,102,188,185
156,101,189,183
157,100,190,182
158,99,191,181
159,98,192,180
161,97,194,179
161,96,194,178
161,95,194,177
162,95,194,177
162,94,194,176
162,93,194,175
163,93,194,175
163,92,194,174
164,92,194,174
164,91,194,173
164,90,194,172
165,90,194,172
165,89,194,171
166,89,194,171
164,89,192,171
162,89,190,171
160,89,188,171
158,89,186,171
156,89,184,171
154,89,182,171
152,89,180,171
150,89,178,171
148,89,176,171
147,90,175,172
145,89,173,171
143,89,171,171
142,89,170,171
140,88,168,170
139,88,167,170
137,88,165,170
136,88,164,170
134,87,162,169
133,87,161,169
131,87,159,169
130,87,158,169
129,86,157,168
129,85,157,167
129,85,157,167
130,88,158,170
132,92,160,174
133,95,161,177
135,99,163,181
137,103,165,185
141,107,169,189
146,111,174,193
151,116,179,198
153,112,182,197
153,121,180,197
158,123,180,198
155,120,177,191
154,116,177,181
152,112,176,188
152,109,177,186
153,105,178,180
154,101,179,175
153,99,176,171
153,98,176,168
150,98,171,164
149,96,172,164
148,94,173,163
145,92,169,163
137,88,162,165
129,84,157,166
123,80,155,169
116,73,150,172
109,64,147,178
105,50,152,180
125,33,173,178
151,33,192,179
174,28,218,166
211,33,254,167
234,26,275,166
214,28,261,171
217,24,265,169
236,25,277,168
249,23,290,171
241,23,292,171
238,29,290,178
236,35,288,185
233,41,286,192
231,47,284,199
228,53,282,206
226,59,281,213
216,69,271,224
206,80,262,235
196,90,252,246
186,101,243,257
179,101,236,257
172,101,229,257
166,102,223,258
168,98,225,254
171,94,228,250
173,90,230,246
176,86,233,242
178,82,235,238
181,78,238,234
179,79,236,235
178,81,235,237
176,83,233,239
175,85,232,241
174,87,231,243
171,88,228,244
168,89,225,245
166,91,223,247
